"","country_code","nb_medals","age_m","moy_gdp13_23","X2024","moy_health13_23","Latitude","Longitude","med_p_m","med_p_m_2020"
"1","ARG",16,28.4647887323944,1214465057422.93,45696159,10.05676136,-38.416097,-63.616672,0.350138837708438,0.265533928431747
"2","ARM",4,28,44671982303.702,3033500,10.684461975,40.069099,45.038189,1.31860886764463,1.35066689177782
"3","AUS",116,27.8819188191882,1424823644640.59,27204809,10.022232721,-25.274398,133.775136,4.26395200936717,4.91242472293925
"4","AUT",9,31.3018867924528,552453193310.156,9178482,10.7361614918182,47.516231,14.550072,0.980554300809219,1.79435281282747
"5","AZE",18,28.4081632653061,200106836411.524,10202850,4.218059112,40.143105,47.576927,1.76421294050192,2.57601191940531
"6","BEL",24,29.2401960784314,677412901284.07,11876844,10.826915932,50.503887,4.469936,2.02073884274307,1.90664312597954
"7","BGR",8,26.46,186469650891.9,6444366,7.636352636,42.733883,25.48583,1.2413944211114,1.22124427694401
"8","BHR",4,28.2,80131567698.2744,1588670,4.420709944,25.930414,50.637772,2.51782937929211,0.6792536903853
"9","BIH",2,25.5,54752486464.0178,3164253,9.179840756,43.915886,17.679076,0.632060710695384,0.303090094439843
"10","BRA",109,28.9300911854103,3757596156514.95,211998573,9.140435695,-14.235004,-51.92528,0.514154404237429,0.445699342093137
"11","BWA",2,25,40160727432.2221,2521139,6.119997551,-22.328474,24.684866,0.79329223815109,0.422673205139368
"12","CAN",56,28.1147132169576,2096619301042.56,41288599,11.2174665281818,56.130366,-106.346771,1.3563066162647,1.18331873994541
"13","CHE",29,28.1824324324324,669042235203.922,9034102,11.330110931,46.818188,8.227512,3.2100589521792,3.12566311811291
"14","CHL",8,30.0384615384615,528929162957.738,19764771,9.02711881272727,-35.675147,-71.542969,0.40476057122038,0.30974737829819
"15","CHN",311,26.2575107296137,24834018143751,1408975000,5.134144257,35.86166,104.195397,0.22072783406377,0.209765431223868
"16","CIV",1,30.0555555555556,155301929843.482,31934230,3.454519724,7.539989,-5.54708,0.0313143607971759,0.0345835888628255
"17","COL",32,28.18,839046722488.337,52886363,7.75802542909091,4.570868,-74.297333,0.605070914027497,0.572782968958106
"18","CRI",2,26.5,112427154022.04,5129910,7.442806148,9.748917,-83.753428,0.389870387589646,0.397273117322697
"19","CYP",3,27.8125,38486005070.4769,1358282,7.492564105,35.126413,33.429859,2.20867242590272,1.53580695520896
"20","CZE",13,27.865671641791,475702487340.534,10882164,8.01635807272727,49.817492,15.472962,1.19461533569977,1.77605647784818
"21","DEU",82,28.4465648854962,5059023486919.37,83510950,11.7243280409091,50.609722,8.068889,0.981907163072627,0.961990886314791
"22","DNK",19,29.0141843971631,378954830774.457,5976992,10.1765410672727,56.26392,9.501785,3.17885652180896,2.74376462340802
"23","DOM",3,27.1,215782756456.262,11427557,4.630152178,18.735693,-70.162651,0.262523302224614,0.454202737934104
"24","DZA",14,28.0425531914894,636517738428.358,46814308,5.556599688,28.033886,1.659626,0.299053870453452,0.272466627436013
"25","ECU",9,30.3617021276596,234373295613.712,18135478,7.646403933,-1.831239,-78.183406,0.49626483514799,0.341957014293518
"26","EGY",10,26.4444444444444,1546896104481.88,116538258,4.774411106,26.820553,30.802498,0.0858087307260076,0.118922245379331
"27","ESP",58,28.6152073732719,2086086578349.44,48807137,9.408443548,40.463667,-3.74922,1.18835079386033,1.11910144853113
"28","ETH",7,25.3055555555556,260602968819.545,132059767,3.507343125,9.145,40.489673,0.0530063028204495,0.0420458957693512
"29","FIN",4,29.7704918032787,304201363178.419,5637214,9.507896805,61.92411,25.748151,0.709570365787071,1.2659274012337
"30","FJI",1,27.030303030303,11335414445.4798,928784,4.06250201636364,-16.578193,179.414413,1.07667660080277,2.18588074053268
"31","FRA",139,28.2204379562044,3478190124848.03,68516699,11.577839661,46.227638,2.213749,2.02870252111825,1.30175377297799
"32","GBR",189,28.6004901960784,3358201176556.68,69226000,10.4257123245455,55.378051,-3.435973,2.73018807962326,2.81673259019537
"33","GEO",16,28.6666666666667,64226603509.0033,3673850,7.507953072,42.315407,43.356892,4.35510431835813,2.95483190229929
"34","GRC",21,28,349904014067.313,10388805,8.466066885,39.074208,21.824312,2.02140669692039,1.40205273606385
"35","GRD",2,26.3333333333333,1811355438.4723,117207,4.927417852,12.262776,-61.604171,17.063827245813,8.59542207820115
"36","HRV",11,30.2625,134161549400.125,3866300,6.92424698,45.1,15.2,2.84509737992396,3.83219483082904
"37","HUN",34,27.4093023255814,340958400654.9,9562314,6.85875515727273,47.162494,19.503304,3.55562471594219,3.72269288435175
"38","IDN",17,27.0810810810811,3240847211526.62,283487931,3.025079083,-0.789275,113.921327,0.0599672795241502,0.0509433867380377
"39","IND",35,27.9153846153846,10211125279870.6,1450935791,3.321059441,20.593684,78.96288,0.0241223631101399,0.0185367688520428
"40","IRL",13,28.4140127388535,462404959770.312,5380257,7.466726686,53.41291,-8.24389,2.41624145463683,2.18264924806741
"41","IRN",36,27.3023255813953,1258379833090.7,91567738,6.579297209,32.427908,53.688046,0.393151570479987,0.353383302568277
"42","ISR",17,25.6785714285714,389474399899.488,9974400,7.241382597,31.046051,34.851612,1.70436316971447,1.41072804418834
"43","ITA",111,28.0509554140127,2917074061565.96,58986023,8.88690107454545,41.87194,12.56738,1.88180172784322,1.83381741346245
"44","JAM",6,27.1645569620253,27807943077.2403,2839175,6.124807645,18.109581,-77.297508,2.11328995218682,3.17938177981085
"45","JOR",4,27.6666666666667,96697321659.972,11552876,7.112299299,30.585164,36.238414,0.346234132522499,0.64425707403471
"46","JPN",86,27.4795081967213,5569436513711.22,123975371,10.899899673,36.204824,138.252924,0.693686167714715,0.863291119189615
"47","KAZ",16,27.2403846153846,608732596213.57,20592571,3.217604781,48.019573,66.923684,0.776979231976425,0.667278612483438
"48","KEN",12,27.9452054794521,252331312787.767,56432944,4.519989895,-0.023559,37.906193,0.212641750534936,0.210658016359089
"49","KGZ",6,27.7647058823529,37680672148.1173,7224614,5.978107835,41.20438,74.766098,0.83049419664497,0.445990810210692
"50","KOR",62,26.9347826086957,2338321850286.24,51751065,7.79044619545455,35.907757,127.766922,1.19804297747302,0.848827014629669
"51","KWT",2,30.7777777777778,223935209311.751,4973861,4.545997763,29.31166,47.481766,0.402102109407561,0.681776810361735
"52","LKA",1,25.6666666666667,295242545304.112,21916000,3.778625868,7.873054,80.771797,0.0456287643730608,0.0912450385510288
"53","LTU",5,29.9473684210526,115040326773.957,2888055,6.83433927181818,55.169438,23.881275,1.73126896821563,1.42330064130369
"54","LVA",4,27.8333333333333,64974520833.7147,1862441,6.546544361,56.879635,24.603189,2.1477190418381,3.68334009489336
"55","MAR",17,27.0819672131148,304637170742.532,38081173,5.259174824,31.791702,-7.09262,0.446414820257769,0.328010380872534
"56","MDA",6,27.4,36372301007.2928,2389275,7.545988416,47.411631,28.369885,2.51122202341715,0.379487919002099
"57","MEX",22,28.0141843971631,2647360988175.56,130861007,5.535757209,23.634501,-102.552784,0.168117306326399,0.205048848392828
"58","MNE",1,26.6842105263158,14335494827.792,623831,9.167990256,42.708678,19.37439,1.60299824792292,1.59593992882108
"59","MNG",5,27.6086956521739,47181532008.861,3524788,5.120824146,46.862496,103.846656,1.41852502902302,1.50276328112133
"60","MYS",7,25.90625,968315269543.627,35557673,3.84223702,4.210484,101.975766,0.196863276176706,0.206553298806671
"61","NAM",2,32.25,28199498739.2036,3030131,8.970895291,-22.95764,18.49041,0.660037470327191,1.09939965449534
"62","NGA",7,26.040404040404,1159758783277.73,232679478,3.555036902,9.081999,8.675277,0.0300843033522707,0.0560757670717498
"63","NLD",90,28.7874251497006,1140995807784.1,17994237,10.424918555,52.132633,5.291266,5.00160134603095,5.44677923343749
"64","NOR",15,28.9833333333333,462500471444.985,5572272,9.857246399,60.472024,8.468946,2.69190018003428,2.23070095130101
"65","NZL",29,27.8398268398268,226720523881.8,5338500,9.491499233,-40.900557,174.885971,5.43223751990259,6.28658991788142
"66","PAK",2,25.375,1155198613919.06,251269164,2.728001428,30.375321,69.345116,0.00795959189007371,0.00425528753305518
"67","PER",2,28.8571428571429,473563338467.387,34217848,5.368823481,-9.189967,-75.015152,0.0584490292902114,0.0304519875844811
"68","PHL",4,26.5909090909091,934806523549.031,115843670,4.48284123181818,12.879721,121.774017,0.0345292927960587,0.0356883912372723
"69","POL",33,29.2298850574713,1362438819124.15,36554707,6.50870878090909,51.919438,19.145136,0.902756517785794,1.01290796600937
"70","PRT",11,30.7142857142857,393766772575.926,10701636,9.80312754818182,39.399872,-8.224454,1.02788022317335,0.582689404890571
"71","QAT",1,28.6428571428571,291365686955.598,2857822,2.993612337,25.354826,51.183884,0.349916824770752,1.43156339606921
"72","ROU",11,27.3913043478261,657403082795.229,19069340,5.514140893,45.943161,24.96676,0.576842197999511,0.311441585237669
"73","SAU",1,32.5833333333333,1854041229604.08,35300280,5.572499133,23.885942,45.079162,0.0283283871969288,0.0633863993704463
"74","SGP",4,25.8571428571429,663142869043.531,6036860,4.445505285,1.352083,103.819836,0.662596117849346,0.351753058097118
"75","SRB",11,29.8110236220472,144774709093.245,6587202,8.96153822,44.016521,21.005859,1.66990476381322,2.17418844068075
"76","SVK",6,28.6842105263158,193681931300.023,5422069,7.118965292,48.669026,19.699024,1.10658864724886,2.7478430805739
"77","SVN",5,29.631067961165,88265329422.7292,2126324,8.82707621818182,46.151241,14.995463,2.35147606855775,3.3294980686533
"78","SWE",14,30.0616438356164,609522536065.164,10569709,10.89891139,60.128161,18.643501,1.32453977682829,1.64196602443902
"79","THA",36,26.8771929824561,1417561990244.11,71668011,4.130651999,15.870032,100.992541,0.50231615887875,0.2791678631336
"80","TUN",14,26.2903225806452,149326563172.214,12277109,6.456361674,33.886917,9.537499,1.14033360785507,1.08568048406651
"81","TUR",36,26.801652892562,2307064946059.17,85518661,4.26385305,38.963745,35.243322,0.420960753817228,0.335793097724906
"82","UGA",2,26.8571428571429,109335540973.444,50015092,4.804624558,1.373333,32.290275,0.0399879300431958,0.112467843194274
"83","UKR",94,27.7592592592593,696529831138.013,37860221,7.47696262,48.379433,31.16558,2.48281699148032,2.6186204865558
"84","USA",231,27.7618364418938,22134999499590.6,340110988,16.829845048,37.09024,-95.712891,0.679190053101136,0.654446866936657
"85","UZB",39,25.8415841584158,273820573565.206,36361859,5.666593648,41.377491,64.585262,1.07255242368109,0.714575542723102
"86","VNM",1,26.3,1045472474298.12,100987686,4.713416908,14.058324,108.277199,0.00990219738275813,0.0101958426635065
"87","ZAF",12,28.1891891891892,836266332943.285,64007187,8.287131452,-30.559482,22.937506,0.187478946700157,0.165119003494925
